0       5'UTR      1     43    43
1         CDS      -      -     -
2       3'UTR  17992  18358   367
3      Exon 1      1     45    45
4    Intron 1     46    155   110
5      Exon 2    156    211    56
6    Intron 2    212   6307  6096
7      Exon 3   6308   6408   101
8    Intron 3   6409   6975   567
9      Exon 4   6976   7005    30
10   Intron 4   7006   7175   170
11     Exon 5   7176   7249    74
12   Intron 5   7250  11431  4182
13     Exon 6  11432  11591   160
14   Intron 6  11592  11789   198
15     Exon 7  11790  12116   327
16   Intron 7  12117  12224   108
17     Exon 8  12225  12568   344
18   Intron 8  12569  13144   576
19     Exon 9  13145  13240    96
20   Intron 9  13241  13291    51
21    Exon 10  13292  13732   441
22  Intron 10  13733  13791    59
23    Exon 11  13792  14369   578
24  Intron 11  14370  14652   283
25    Exon 12  14653  14880   228
26  Intron 12  14881  14928    48
27    Exon 13  14929  15179   251
28  Intron 13  15180  15257    78
29    Exon 14  15258  15759   502
30  Intron 14  15760  16774  1015
31    Exon 15  16775  16932   158
32  Intron 15  16933  17364   432
33    Exon 16  17365  17468   104
34  Intron 16  17469  17522    54
35    Exon 17  17523  17606    84
36  Intron 17  17607  17852   246
37    Exon 18  17853  18358   506