0     5'UTR     1    43    43
1       CDS    44  3718  3675
2     3'UTR  3719  4085   367
3    Exon 1     1    45    45
4    Exon 2    46   101    56
5    Exon 3   102   202   101
6    Exon 4   203   232    30
7    Exon 5   233   306    74
8    Exon 6   307   466   160
9    Exon 7   467   793   327
10   Exon 8   794  1137   344
11   Exon 9  1138  1233    96
12  Exon 10  1234  1674   441
13  Exon 11  1675  2252   578
14  Exon 12  2253  2480   228
15  Exon 13  2481  2731   251
16  Exon 14  2732  3233   502
17  Exon 15  3234  3391   158
18  Exon 16  3392  3495   104
19  Exon 17  3496  3579    84
20  Exon 18  3580  4085   506